[gd_scene load_steps=13 format=3 uid="uid://dqbe0olkj0oic"]

[ext_resource type="PackedScene" uid="uid://bbibewqwg4kvf" path="res://Files/Models/low-poly_hk_usp.glb" id="1_ocfoe"]

[sub_resource type="CapsuleShape3D" id="CapsuleShape3D_rk54x"]
radius = 0.0
height = 0.0

[sub_resource type="CapsuleShape3D" id="CapsuleShape3D_76iui"]
radius = 0.162153
height = 1.62153

[sub_resource type="CapsuleShape3D" id="CapsuleShape3D_x3j5m"]
radius = 0.116957
height = 1.16957

[sub_resource type="CapsuleShape3D" id="CapsuleShape3D_iej15"]
radius = 0.033602
height = 0.33602

[sub_resource type="CapsuleShape3D" id="CapsuleShape3D_n4xjc"]
radius = 0.052713
height = 0.52713

[sub_resource type="CapsuleShape3D" id="CapsuleShape3D_d103r"]
radius = 0.0397557
height = 0.397557

[sub_resource type="CapsuleShape3D" id="CapsuleShape3D_hp8dd"]
radius = 0.0370414
height = 0.370414

[sub_resource type="CapsuleShape3D" id="CapsuleShape3D_et0si"]
radius = 0.150532
height = 1.50532

[sub_resource type="CapsuleShape3D" id="CapsuleShape3D_qxoqp"]
radius = 0.0307789
height = 0.307789

[sub_resource type="CapsuleShape3D" id="CapsuleShape3D_4mudy"]
radius = 0.0307789
height = 0.307789

[sub_resource type="CapsuleShape3D" id="CapsuleShape3D_o5x5d"]
radius = 0.0829587
height = 0.829587

[node name="low-poly_hk_usp" instance=ExtResource("1_ocfoe")]
transform = Transform3D(0.003, 0, 0, 0, 0.003, 0, 0, 0, 0.003, 0, 0, 0)

[node name="Object_7" parent="Sketchfab_model/82d715e6f5dc41449751c1640db1250c_fbx/RootNode/Camera" index="0"]
transform = Transform3D(0.999999, 6.98492e-10, 5.96046e-08, 1.02445e-08, 1, -2.09548e-09, -2.38419e-07, -9.42964e-09, 1, 38.1911, -1.63628, -1.10782)

[node name="Armature" parent="Sketchfab_model/82d715e6f5dc41449751c1640db1250c_fbx/RootNode" index="2"]
transform = Transform3D(82.1663, -6.42451e-06, 23.6475, -23.6475, -1.26464e-05, 82.1663, -2.67623e-06, -85.5015, -1.393e-05, -222.937, -51.9608, -1.37683e-05)

[node name="Object_9" parent="Sketchfab_model/82d715e6f5dc41449751c1640db1250c_fbx/RootNode/Armature" index="0"]
transform = Transform3D(1, 3.55271e-15, 5.09948e-15, 3.55271e-15, 1, -2.84217e-14, 5.09948e-15, -1.42109e-14, 1, 0, 0, 0)

[node name="Skeleton3D" parent="Sketchfab_model/82d715e6f5dc41449751c1640db1250c_fbx/RootNode/Armature/Object_9" index="0"]
transform = Transform3D(1, -7.10543e-15, 2.98023e-08, -3.55271e-15, 1, 0, -2.98023e-08, -5.68434e-14, 1, -0.717257, 5.60817e-08, -0.206427)

[node name="Object_12" parent="Sketchfab_model/82d715e6f5dc41449751c1640db1250c_fbx/RootNode/Armature/Object_9/Skeleton3D" index="0"]
transform = Transform3D(1, -3.55271e-15, 5.09948e-15, 0, 1, -2.84217e-14, 5.09948e-15, -1.42109e-14, 1, 0, 0, 0)

[node name="Physical Bone _rootJoint" type="PhysicalBone3D" parent="Sketchfab_model/82d715e6f5dc41449751c1640db1250c_fbx/RootNode/Armature/Object_9/Skeleton3D" index="11"]
transform = Transform3D(0.999998, 1.6378e-12, 1.07288e-06, 4.19533e-10, 0.999927, -1.13046e-09, -1.07288e-06, 1.37987e-11, 0.999998, 0, 0, 0)
body_offset = Transform3D(0.999998, 1.6378e-12, 1.07288e-06, 4.19526e-10, 0.999927, -1.13046e-09, -1.07288e-06, 1.37987e-11, 0.999998, 0, 0, 0)
bone_name = "_rootJoint"

[node name="CollisionShape3D" type="CollisionShape3D" parent="Sketchfab_model/82d715e6f5dc41449751c1640db1250c_fbx/RootNode/Armature/Object_9/Skeleton3D/Physical Bone _rootJoint" index="0"]
transform = Transform3D(1, 0, 0, 0, 0, 1, 0, -1, 0, 0, 0, 0)
shape = SubResource("CapsuleShape3D_rk54x")

[node name="Physical Bone BODY_00" type="PhysicalBone3D" parent="Sketchfab_model/82d715e6f5dc41449751c1640db1250c_fbx/RootNode/Armature/Object_9/Skeleton3D" index="12"]
transform = Transform3D(-2.42909e-06, 0.999117, 0.042042, 0.999951, 2.40773e-06, 2.21209e-07, 1.19214e-07, 0.0420367, -0.999143, -0.0340672, -1.79387e-07, 0.809997)
joint_type = 1
joint_offset = Transform3D(1, 0, 0, 0, 1, 0, 0, 0, 1, 9.32658e-11, -1.58884e-05, 0.810691)
body_offset = Transform3D(-2.42909e-06, 0.999117, 0.042042, 1.08074e-11, 0.0420367, -0.999143, -0.999951, -2.41274e-06, -1.02102e-07, -0.0340672, 0.809997, 8.28281e-08)
bone_name = "BODY_00"
joint_constraints/bias = 0.3
joint_constraints/damping = 1.0
joint_constraints/impulse_clamp = 0.0

[node name="CollisionShape3D" type="CollisionShape3D" parent="Sketchfab_model/82d715e6f5dc41449751c1640db1250c_fbx/RootNode/Armature/Object_9/Skeleton3D/Physical Bone BODY_00" index="0"]
transform = Transform3D(1, 0, 0, 0, 0, 1, 0, -1, 0, 0, 0, 0)
shape = SubResource("CapsuleShape3D_76iui")

[node name="Physical Bone SLIDE_01" type="PhysicalBone3D" parent="Sketchfab_model/82d715e6f5dc41449751c1640db1250c_fbx/RootNode/Armature/Object_9/Skeleton3D" index="13"]
transform = Transform3D(0.265783, 0.0764892, -0.960993, 0.276555, -0.960823, -7.13656e-08, -0.923506, -0.265772, -0.276574, 0.493819, 0.00057873, 1.78185)
joint_type = 1
joint_offset = Transform3D(1, 0, 0, 0, 1, 0, 0, 0, 1, -0.000152787, 0.000558681, 0.584796)
body_offset = Transform3D(0.999993, 3.29912e-05, -7.73781e-12, -2.58515e-06, -4.21143e-07, -1, 1.85668e-05, 0.999833, 2.66027e-11, 0.000152767, 0.584796, -0.000558585)
bone_name = "SLIDE_01"
joint_constraints/bias = 0.3
joint_constraints/damping = 1.0
joint_constraints/impulse_clamp = 0.0

[node name="CollisionShape3D" type="CollisionShape3D" parent="Sketchfab_model/82d715e6f5dc41449751c1640db1250c_fbx/RootNode/Armature/Object_9/Skeleton3D/Physical Bone SLIDE_01" index="0"]
transform = Transform3D(1, 0, 0, 0, 0, 1, 0, -1, 0, 0, 0, 0)
shape = SubResource("CapsuleShape3D_x3j5m")

[node name="Physical Bone SAFETY_02" type="PhysicalBone3D" parent="Sketchfab_model/82d715e6f5dc41449751c1640db1250c_fbx/RootNode/Armature/Object_9/Skeleton3D" index="14"]
transform = Transform3D(1.66894e-06, -0.153857, -0.988093, -0.999998, -3.5621e-07, -1.61234e-06, -1.49012e-07, 0.988092, -0.153858, -0.0478854, 0.181751, 1.24494)
joint_type = 1
joint_offset = Transform3D(1, 0, 0, 0, 1, 0, 0, 0, 1, -0.000891, -1.26422e-06, 0.168007)
body_offset = Transform3D(0.999998, 1.59162e-12, -8.44875e-09, 1.31877e-11, 5.96043e-08, -1, -2.38742e-12, 0.999999, 7.45062e-08, 0.000891, 0.168007, 1.2517e-06)
bone_name = "SAFETY_02"
joint_constraints/bias = 0.3
joint_constraints/damping = 1.0
joint_constraints/impulse_clamp = 0.0

[node name="CollisionShape3D" type="CollisionShape3D" parent="Sketchfab_model/82d715e6f5dc41449751c1640db1250c_fbx/RootNode/Armature/Object_9/Skeleton3D/Physical Bone SAFETY_02" index="0"]
transform = Transform3D(1, 0, 0, 0, 0, 1, 0, -1, 0, 0, 0, 0)
shape = SubResource("CapsuleShape3D_iej15")

[node name="Physical Bone SLIDERELEASE_03" type="PhysicalBone3D" parent="Sketchfab_model/82d715e6f5dc41449751c1640db1250c_fbx/RootNode/Armature/Object_9/Skeleton3D" index="15"]
transform = Transform3D(0.314771, 1.57432e-07, 0.949168, 6.92153e-08, 0.999962, -1.87615e-07, -0.949168, 1.24237e-07, 0.314771, 0.665757, 0.212881, 1.43677)
joint_type = 1
joint_offset = Transform3D(1, 0, 0, 0, 1, 0, 0, 0, 1, 0.000124168, 0.000989295, 0.263542)
body_offset = Transform3D(1, -9.35785e-12, -7.22706e-07, -7.48783e-07, -2.30571e-11, -1, 8.54818e-10, 0.999962, 9.04038e-10, -0.000123978, 0.263542, -0.000989258)
bone_name = "SLIDERELEASE_03"
joint_constraints/bias = 0.3
joint_constraints/damping = 1.0
joint_constraints/impulse_clamp = 0.0

[node name="CollisionShape3D" type="CollisionShape3D" parent="Sketchfab_model/82d715e6f5dc41449751c1640db1250c_fbx/RootNode/Armature/Object_9/Skeleton3D/Physical Bone SLIDERELEASE_03" index="0"]
transform = Transform3D(1, 0, 0, 0, 0, 1, 0, -1, 0, 0, 0, 0)
shape = SubResource("CapsuleShape3D_n4xjc")

[node name="Physical Bone TRIGGER_04" type="PhysicalBone3D" parent="Sketchfab_model/82d715e6f5dc41449751c1640db1250c_fbx/RootNode/Armature/Object_9/Skeleton3D" index="16"]
transform = Transform3D(0.852914, -1.42067e-07, -0.52205, 1.19149e-08, 0.999999, -2.52671e-07, 0.52205, 2.09301e-07, 0.852911, 0.913607, -2.77701e-07, 1.2782)
joint_type = 1
joint_offset = Transform3D(1, 0, 0, 0, 1, 0, 0, 0, 1, -9.08507e-06, 1.2747e-13, 0.198771)
body_offset = Transform3D(0.999999, 8.65441e-12, -1.07288e-06, 4.47035e-07, -1.12834e-11, -0.999997, 1.02318e-12, 0.999999, -3.55271e-13, 9.29832e-06, 0.19877, -5.68434e-14)
bone_name = "TRIGGER_04"
joint_constraints/bias = 0.3
joint_constraints/damping = 1.0
joint_constraints/impulse_clamp = 0.0

[node name="CollisionShape3D" type="CollisionShape3D" parent="Sketchfab_model/82d715e6f5dc41449751c1640db1250c_fbx/RootNode/Armature/Object_9/Skeleton3D/Physical Bone TRIGGER_04" index="0"]
transform = Transform3D(1, 0, 0, 0, 0, 1, 0, -1, 0, 0, 0, 0)
shape = SubResource("CapsuleShape3D_d103r")

[node name="Physical Bone HAMMER_05" type="PhysicalBone3D" parent="Sketchfab_model/82d715e6f5dc41449751c1640db1250c_fbx/RootNode/Armature/Object_9/Skeleton3D" index="17"]
transform = Transform3D(-0.792474, 3.13466e-07, 0.609905, 2.23269e-07, 0.999999, -2.22354e-07, -0.609905, -4.05116e-08, -0.792474, -0.328481, -2.7843e-07, 1.37034)
joint_type = 1
joint_offset = Transform3D(1, 0, 0, 0, 1, 0, 0, 0, 1, 1.42996e-05, -1.54067e-10, 0.185217)
body_offset = Transform3D(1, -3.5385e-12, 2.98023e-08, -2.98023e-08, -2.359e-12, -1, -4.33118e-10, 0.999999, 9.32516e-10, -1.43051e-05, 0.185217, -1.86446e-11)
bone_name = "HAMMER_05"
joint_constraints/bias = 0.3
joint_constraints/damping = 1.0
joint_constraints/impulse_clamp = 0.0

[node name="CollisionShape3D" type="CollisionShape3D" parent="Sketchfab_model/82d715e6f5dc41449751c1640db1250c_fbx/RootNode/Armature/Object_9/Skeleton3D/Physical Bone HAMMER_05" index="0"]
transform = Transform3D(1, 0, 0, 0, 0, 1, 0, -1, 0, 0, 0, 0)
shape = SubResource("CapsuleShape3D_hp8dd")

[node name="Physical Bone MAG_06" type="PhysicalBone3D" parent="Sketchfab_model/82d715e6f5dc41449751c1640db1250c_fbx/RootNode/Armature/Object_9/Skeleton3D" index="18"]
transform = Transform3D(-6.68237e-07, 0.986498, 0.163781, 0.999951, 6.39696e-07, 2.27072e-07, 1.19211e-07, 0.163781, -0.986498, 0.275975, -1.51568e-07, 0.725201)
joint_type = 1
joint_offset = Transform3D(1, 0, 0, 0, 1, 0, 0, 0, 1, -1.33697e-09, -2.94298e-06, 0.752657)
body_offset = Transform3D(-4.2983e-07, 0.986498, 0.163781, 7.80886e-12, 0.163781, -0.986498, -0.999951, -4.24021e-07, -7.04234e-08, -0.123268, 0.742495, 5.16665e-08)
bone_name = "MAG_06"
joint_constraints/bias = 0.3
joint_constraints/damping = 1.0
joint_constraints/impulse_clamp = 0.0

[node name="CollisionShape3D" type="CollisionShape3D" parent="Sketchfab_model/82d715e6f5dc41449751c1640db1250c_fbx/RootNode/Armature/Object_9/Skeleton3D/Physical Bone MAG_06" index="0"]
transform = Transform3D(1, 0, 0, 0, 0, 1, 0, -1, 0, 0, 0, 0)
shape = SubResource("CapsuleShape3D_et0si")

[node name="Physical Bone BULLET_07" type="PhysicalBone3D" parent="Sketchfab_model/82d715e6f5dc41449751c1640db1250c_fbx/RootNode/Armature/Object_9/Skeleton3D" index="19"]
transform = Transform3D(0.265782, 0.0764898, -0.960992, 0.27656, -0.9608, -7.6931e-08, -0.923511, -0.265774, -0.276574, 0.300535, 0.000481944, 1.51019)
joint_type = 1
joint_offset = Transform3D(1, 0, 0, 0, 1, 0, 0, 0, 1, -0.000181102, 0.000449803, 0.153821)
body_offset = Transform3D(0.999999, 4.17233e-05, 2.79158e-08, -5.02506e-06, -3.84835e-07, -1, 1.40369e-05, 0.999812, 8.02596e-09, 0.000181079, 0.153821, -0.000449717)
bone_name = "BULLET_07"
joint_constraints/bias = 0.3
joint_constraints/damping = 1.0
joint_constraints/impulse_clamp = 0.0

[node name="CollisionShape3D" type="CollisionShape3D" parent="Sketchfab_model/82d715e6f5dc41449751c1640db1250c_fbx/RootNode/Armature/Object_9/Skeleton3D/Physical Bone BULLET_07" index="0"]
transform = Transform3D(1, 0, 0, 0, 0, 1, 0, -1, 0, 0, 0, 0)
shape = SubResource("CapsuleShape3D_qxoqp")

[node name="Physical Bone BULLETS_08" type="PhysicalBone3D" parent="Sketchfab_model/82d715e6f5dc41449751c1640db1250c_fbx/RootNode/Armature/Object_9/Skeleton3D" index="20"]
transform = Transform3D(0.265782, 0.0764898, -0.960992, 0.27656, -0.9608, -7.6931e-08, -0.923511, -0.265774, -0.276574, 0.279996, 0.000484356, 1.37605)
joint_type = 1
joint_offset = Transform3D(1, 0, 0, 0, 1, 0, 0, 0, 1, -0.000132644, 0.000466226, 0.15388)
body_offset = Transform3D(0.999999, 4.17233e-05, 2.79158e-08, -5.02506e-06, -3.84835e-07, -1, 1.40369e-05, 0.999812, 8.02596e-09, 0.00013262, 0.15388, -0.000466138)
bone_name = "BULLETS_08"
joint_constraints/bias = 0.3
joint_constraints/damping = 1.0
joint_constraints/impulse_clamp = 0.0

[node name="CollisionShape3D" type="CollisionShape3D" parent="Sketchfab_model/82d715e6f5dc41449751c1640db1250c_fbx/RootNode/Armature/Object_9/Skeleton3D/Physical Bone BULLETS_08" index="0"]
transform = Transform3D(1, 0, 0, 0, 0, 1, 0, -1, 0, 0, 0, 0)
shape = SubResource("CapsuleShape3D_4mudy")

[node name="Physical Bone BARREL_09" type="PhysicalBone3D" parent="Sketchfab_model/82d715e6f5dc41449751c1640db1250c_fbx/RootNode/Armature/Object_9/Skeleton3D" index="21"]
transform = Transform3D(1.49046e-05, -0.274326, 0.961636, 0.993898, 5.342e-05, -2.41284e-07, -5.14761e-05, 0.961635, 0.274327, 1.16086, -3.60064e-07, 1.83446)
joint_type = 1
joint_offset = Transform3D(1, 0, 0, 0, 1, 0, 0, 0, 1, -4.0124e-09, -4.82818e-06, 0.414765)
body_offset = Transform3D(0.993898, -2.28603e-07, 3.40918e-11, -2.53669e-09, -1.49936e-07, -1, -3.35112e-07, 0.999998, 4.56716e-10, 3.97267e-09, 0.414765, 4.82798e-06)
bone_name = "BARREL_09"
joint_constraints/bias = 0.3
joint_constraints/damping = 1.0
joint_constraints/impulse_clamp = 0.0

[node name="CollisionShape3D" type="CollisionShape3D" parent="Sketchfab_model/82d715e6f5dc41449751c1640db1250c_fbx/RootNode/Armature/Object_9/Skeleton3D/Physical Bone BARREL_09" index="0"]
transform = Transform3D(1.00005, -1.42109e-14, -3.63798e-12, 2.60479e-09, 8.95047e-12, 1, -9.22284e-12, -1, -7.28641e-12, 0, 0, 0)
shape = SubResource("CapsuleShape3D_o5x5d")
